-125845.00
18  18  18  18  18  28  19  19  19  19  19  28  28  28  25  25  25  25  25  28  28  28  28  28  
26  3  3  3  3  28  28  28  27  27  27  27  28  28  28  28  28  28  28  28  28  28  26  26  
28  28  28  28  28  28  28  27  27  27  27  28  28  28  28  28  28  28  28  28  28  28  28  28  
28  28  3  3  3  3  19  19  19  19  19  18  18  18  18  18  25  25  25  25  25  28  28  28  
28  3  3  3  3  28  28  28  28  28  26  26  26  28  28  28  28  28  28  28  28  28  28  28  
28  28  28  28  28  19  19  19  19  19  28  28  28  28  25  25  25  25  25  28  28  28  28  28  
2  2  8  8  13  13  13  13  18  18  18  18  18  28  25  25  25  25  25  28  28  28  28  28  
18  18  18  18  18  28  28  28  10  10  10  3  3  3  3  28  28  28  28  28  27  27  27  27  
28  28  13  13  13  13  28  28  2  2  28  28  28  28  28  28  25  25  25  25  25  28  28  28  
26  28  2  2  2  2  28  28  27  27  27  27  28  28  28  28  28  28  28  28  28  28  26  26  
2  2  28  2  2  19  19  19  19  19  28  28  28  28  25  25  25  25  25  28  28  28  28  28  
27  18  18  18  18  18  2  2  10  10  10  28  28  28  28  28  28  28  28  28  28  27  27  27  
28  28  7  7  7  28  28  28  28  27  27  27  27  28  28  28  28  28  28  28  28  28  28  28  
28  8  8  18  18  18  18  18  28  26  26  26  28  28  28  28  28  28  28  28  28  28  28  28  
28  28  28  28  7  7  7  24  24  24  28  28  28  28  25  25  25  25  25  28  28  28  28  28  
28  28  18  18  18  18  18  3  3  3  3  28  28  28  28  28  25  25  25  25  25  28  28  28  
28  8  8  28  28  18  18  18  18  18  27  27  27  27  28  28  28  28  28  28  28  28  28  28  
28  28  28  28  28  28  3  3  3  3  28  26  26  26  28  28  28  28  28  28  28  28  28  28  
28  28  13  13  13  13  28  10  10  10  18  18  18  18  18  28  28  25  25  25  25  25  28  28  
28  28  28  19  19  19  19  19  28  28  26  26  26  28  28  28  28  28  28  28  28  28  28  28  
