38080.00
28  18  18  18  18  18  28  28  28  28  28  28  28  28  25  25  25  25  25  28  28  28  28  28  
26  18  18  18  18  18  2  2  27  27  27  27  28  28  28  28  28  28  28  28  28  28  26  26  
2  2  28  28  28  28  28  27  27  27  27  28  28  28  28  28  28  28  28  28  28  28  28  28  
18  18  18  18  18  28  28  3  3  3  3  28  28  28  28  28  25  25  25  25  25  28  28  28  
28  28  28  5  5  5  5  5  28  28  26  26  26  28  28  28  28  28  28  28  28  28  28  28  
2  2  28  28  28  28  28  28  28  28  28  28  28  28  25  25  25  25  25  28  28  28  28  28  
11  11  11  11  11  28  28  28  24  24  24  28  28  28  25  25  25  25  25  28  28  28  28  28  
2  2  28  22  22  22  28  2  2  2  2  28  28  28  28  28  28  28  28  28  27  27  27  27  
28  2  2  28  28  28  11  11  11  11  11  28  28  28  28  28  25  25  25  25  25  28  28  28  
26  28  7  7  7  28  28  28  27  27  27  27  28  28  28  28  28  28  28  28  28  28  26  26  
18  18  18  18  18  6  6  6  6  28  28  28  28  28  25  25  25  25  25  28  28  28  28  28  
27  28  28  2  2  28  7  7  7  28  28  11  11  11  11  11  28  28  28  28  28  27  27  27  
18  18  18  18  18  2  2  28  28  27  27  27  27  28  28  28  28  28  28  28  28  28  28  28  
28  18  18  18  18  18  7  7  7  26  26  26  28  28  28  28  28  28  28  28  28  28  28  28  
28  28  28  8  8  28  28  24  24  24  28  28  28  28  25  25  25  25  25  28  28  28  28  28  
2  2  19  19  19  19  19  28  28  28  28  11  11  11  11  11  25  25  25  25  25  28  28  28  
28  28  28  6  6  6  6  28  28  28  27  27  27  27  28  28  28  28  28  28  28  28  28  28  
18  18  18  18  18  28  28  28  28  28  28  26  26  26  28  28  28  28  28  28  28  28  28  28  
28  18  18  18  18  18  2  2  28  28  11  11  11  11  11  28  28  25  25  25  25  25  28  28  
28  28  8  8  7  7  7  28  28  28  26  26  26  28  28  28  28  28  28  28  28  28  28  28  

255 
14  10  18  10  16  17  11  11  12  14  10  10  13  13  14  7  16  16  7  16  
152 
10  10  7  3  3  16  14  7  9  9  7  11  4  9  3  3  5  9  11  2  
45680000.00 
1215000.00  2220000.00  675000.00  982500.00  450000.00  825000.00  5850000.00  3045000.00  3000000.00  3240000.00  307500.00  1170000.00  1110000.00  810000.00  4620000.00  342500.00  1155000.00  2632500.00  7800000.00  4230000.00  