165090.00
28  7   7   7   8   8   2   2   28  28  28  26  26  26  8   28   5   5   5   5   5   15  15  15
2   2   8   8   18  18  18  18  18  10  10  10  28  28  25  25  25  25  25  18  18  18  18  18
23  23  23  23  5   5   5   5   5   28  28  28  28  28  5   5   5   5   5   10  10  10  2   2
3   8   8   2   2   19  19  19  19  19  15  15  15  28  25  25  25  25  25  2   2   3   3   3
9   9   9   9   2   2   8   8   24  24  24  18  18  18  18  18  8   8   28  28  26  26  26  9
23  23  23  23  5   5   5   5   5   10  10  10  28  28  25  25  25  25  25  10  10  10  2   2
18  18  18  18  8   8   18  18  18  18  18  2   2   8   8   2   2   8   8   28  26  26  26  18
3   8   8   2   2   19  19  19  19  19  28  26  26  26  5   5   5   5   5   2   2   3   3   3
18  18  18  18  8   8   18  18  18  18  18  2   2   8   8   2   2   8   8   28  26  26  26  18
23  23  23  23  5   5   5   5   5   28  28  26  26  26  5   5   5   5   5   10  10  10  2   2
9   9   9   9   9   5   5   5   5   5   3   3   3   3  25  25  25  25  25  10  10  10  2   2
3   3   3   12  12  12  12  12  12  18  18  18  18  18  2   2   8   8   28  28  26  26  26  3
2   2   8   8   2   2   8   8   10  10  10  2   2   28  25  25  25  25  25  18  18  18  18  18
26  26  15  15  15  8   8   10  10  10  2   2   15  15  15  18  18  18  18  18  28  28  28  26
23  23  23  18  18  18  18  18  2   2   28  26  26  26  8   8   5   5   5   5   5   2   2   23
15  15  15  8   8   2   2   24  24  24  2   2   28  28  25  25  25  25  25  18  18  18  18  18
18  18  18  18  18  5   5   5   5   5   28  26  26  26  8   8   5   5   5   5   5   10  10  10
2   8   8   22  22  22  8   8   10  10  10  18  18  18  18  18  8   8   28  28  26  26  26  2
18  18  18  8   8   5   5   5   5   5   2   2   28  28  25  25  25  25  25  10  10  10  18  18
23  23  23  18  18  18  18  18  2   2   28  26  26  26  8   8   5   5   5   5   5   2   2   23